RIC,CRL.C
RIC,CRM.MW
RIC,CRM.TH
RIC,CRM.P
RIC,CRMD.A
RIC,CRMD.P
RIC,CRMD.K
RIC,CRMT.OQ
RIC,CRMT.P
